AMASync1	0x1e5b72775d19	339.8	117.4	-1732.07	0	91
AMATrig1	0x1d165fc478ca	339.8	117.4	-1732.07	0	92
UP8P3648	0x2b05aa7f0f6b	-256.14	-521.08	-1452.04	1	1
TP8P3623	0x12b78d1cea33	-256.14	-521.08	-1469.06	1	2
UP8P3646	0x60fbc4b4e69e	-256.14	-521.08	-1486.08	1	3
TP8H8527	0xcd5d58344001	-256.14	-521.08	-1503.1	1	4
UP8H8562	0x12a7eb4ed898	-256.14	-521.08	-1520.12	1	5
TP8P3577	0xe9fed8c717dd	-256.14	-521.08	-1537.14	1	6
UP8Y4986	0x0807b60648b0	-256.14	-521.08	-1554.16	1	7
TP8P3629	0x88f9c6ed4483	-256.14	-521.08	-1571.19	1	8
UP8H8512	0x9486d3ddbece	-256.14	-521.08	-1588.21	1	9
TP8H8561	0x7184d2aa2470	-256.14	-521.08	-1605.23	1	10
UP9P3782	0x1158e198c075	-256.14	-521.08	-1622.25	1	11
TP8H8565	0xe4f1ff36d25f	-256.14	-521.08	-1639.27	1	12
UP7H8170	0x58191b7511ea	-256.14	-521.08	-1656.29	1	13
TP7H8245	0x7a36b05b8717	-256.14	-521.08	-1673.31	1	14
UP8H8552	0xfef2dcc41b6a	-256.14	-521.08	-1690.33	1	15
TP9P3775	0xa9df3813efe6	-256.14	-521.08	-1707.35	1	16
UP9P3764	0xc54ba499f024	-256.14	-521.08	-1724.37	1	17
TP8P3625	0x56869208af01	-256.14	-521.08	-1741.39	1	18
UP7H8288	0x3df17c9ba482	-256.14	-521.08	-1758.41	1	19
TP9P3761	0x1fa7b4422fb3	-256.14	-521.08	-1775.43	1	20
UP9P3802	0xf2145b813c9a	-256.14	-521.08	-1792.45	1	21
TP7H8319	0x5a7f91d13741	-256.14	-521.08	-1809.48	1	22
UP7H8174	0x789535f2fa46	-256.14	-521.08	-1826.5	1	23
TP8H8531	0x4553694f29ec	-256.14	-521.08	-1843.52	1	24
UP9P3776	0x53f98da44b15	-256.14	-521.08	-1860.54	1	25
TP9P3773	0xf4b93e2ed6de	-256.14	-521.08	-1877.56	1	26
UP8H8540	0x857976c08f22	-256.14	-521.08	-1894.58	1	27
TP5H0101	0x7e3701142a43	-256.14	-521.08	-1911.6	1	28
UP5H0146	0x13c51a83e844	-256.14	-521.08	-1928.62	1	29
TP7H8295	0x1c55ee2b1695	-256.14	-521.08	-1945.64	1	30
UP8P3654	0xe6d56dccfe3f	-256.14	-521.08	-1962.66	1	31
TP9P3777	0x34e118d24b49	-256.14	-521.08	-1979.68	1	32
UP7H8304	0x720532af068c	-256.14	-521.08	-1996.7	1	33
TP7P2673	0x9beee0e62343	-256.14	-521.08	-2013.72	1	34
UP8H8524	0x1e21f772c241	-256.14	-521.08	-2030.75	1	35
TP7H8317	0x89880fb2101c	-256.14	-521.08	-2047.77	1	36
UP7H8290	0x7cbd5a514c51	-256.14	-521.08	-2064.79	1	37
TP8H8551	0x9c6877ea2873	-256.14	-521.08	-2081.81	1	38
UP8H8534	0xf153445edf98	-256.14	-521.08	-2098.83	1	39
TP7H8311	0xb0ffc91f8571	-256.14	-521.08	-2115.85	1	40
UP7H8300	0x9e978d892704	-256.14	-521.08	-2132.87	1	41
TP8P3613	0xb6735e6efb7c	-256.14	-521.08	-2149.89	1	42
UP7Y4594	0x1d4b599df4b8	-256.14	-521.08	-2166.91	1	43
TP8H8543	0x97f592888952	-256.14	-521.08	-2183.93	1	44
UP8P3664	0x206591ba02a4	-256.14	-521.08	-2200.95	1	45
TP6H7701	0x5318524a79f4	-256.14	-521.08	-2217.97	1	46
UP8H8532	0x86e958e3f2a0	-256.14	-521.08	-2234.99	1	47
TP8P3633	0xbbd6df90b77c	-256.14	-521.08	-2252.02	1	48
UP8P3620	0x37723db55a76	-256.14	-521.08	-2269.04	1	49
TP8P3631	0xbc33f800f113	-256.14	-521.08	-2286.06	1	50
UP8P3614	0x24320ecb7beb	-256.14	-521.08	-2303.08	1	51
TP8P3627	0x98f5c1e3eb13	-256.14	-521.08	-2320.1	1	52
UP8P3650	0xbc8329bdfa58	-256.14	-521.08	-2337.12	1	53
TP7H8075	0xda1cb66948e4	-256.14	-521.08	-2354.14	1	54
UP7H8292	0xdf5a8d59e36c	-256.14	-521.08	-2371.16	1	55
TP7H8009	0x874f6acd472e	-256.14	-521.08	-2388.18	1	56
UP7H8306	0x4a75645c4a86	-256.14	-521.08	-2405.2	1	57
TP8H8555	0x93cd319e945d	-256.14	-521.08	-2422.22	1	58
UP9P3930	0x525d7fc5ca58	-256.14	-521.08	-2439.24	1	59
TP9P3963	0x7e15a8e98ef4	-256.14	-521.08	-2452.47	1	60
AP8P3015	0xa2a7871499f0	-265.58	-497.61	-3.37	1	61
AP7P2042	0x19424ffec9a4	-265.48	-498.18	-3.37	1	62
AP8P3018	0x3026940cb77a	-255.76	-495.79	-3.32	1	63
AP7P2036	0x39a5f2d56470	-255.64	-496.35	-3.32	1	64
UP8P3460	0x0c188a421fad	-132.8	-501.45	-1448	2	1
TP7Y4831	0xf896dc875ac6	-132.8	-501.45	-1465.02	2	2
UP8P3406	0x6b641b5a7e57	-132.8	-501.45	-1482.04	2	3
TP8P3511	0x57720b449f42	-132.8	-501.45	-1499.06	2	4
UP8P3318	0x09aa4670f9fe	-132.8	-501.45	-1516.08	2	5
TP8P3535	0x0e02323fbbe5	-132.8	-501.45	-1533.1	2	6
UP8P3320	0xa31bbcaf707e	-132.8	-501.45	-1550.12	2	7
TP8P3351	0x5d7a955303d2	-132.8	-501.45	-1567.14	2	8
UP7P2692	0x4c7270a2e5bc	-132.8	-501.45	-1584.16	2	9
TP8P3283	0xadeb2b0d4b14	-132.8	-501.45	-1601.18	2	10
UP8P3484	0xd20f25a2e74c	-132.8	-501.45	-1618.2	2	11
TP8P3333	0x55602d786554	-132.8	-501.45	-1635.22	2	12
UP8P3342	0x4c5106c07a54	-132.8	-501.45	-1652.24	2	13
TP8P3303	0xdcfe3860ac06	-132.8	-501.45	-1669.27	2	14
UP8P3308	0x487d3026282d	-132.8	-501.45	-1686.29	2	15
TP8P3355	0xd5b88d743430	-132.8	-501.45	-1703.31	2	16
UP8P3328	0xb07d1712950e	-132.8	-501.45	-1720.33	2	17
TP8P3273	0x8759405f8519	-132.8	-501.45	-1737.35	2	18
UP8P3462	0x9d23f0c54e70	-132.8	-501.45	-1754.37	2	19
TP8P3349	0x4cb6277c4cec	-132.8	-501.45	-1771.39	2	20
UP8P3396	0xe2e05d7e90ee	-132.8	-501.45	-1788.41	2	21
TP8P3321	0xdaa53fe15048	-132.8	-501.45	-1805.43	2	22
UP8P3488	0x5c9e2f74a86f	-132.8	-501.45	-1822.45	2	23
TP8P3441	0x296e181fb521	-132.8	-501.45	-1839.47	2	24
UP8P3336	0xe92f3d1992b3	-132.8	-501.45	-1856.49	2	25
TP8P3317	0x935a3cd48d4e	-132.8	-501.45	-1873.51	2	26
UP8P3402	0xce0d3b9c80c1	-132.8	-501.45	-1890.53	2	27
TP8P3435	0xa91cd0fb2aac	-132.8	-501.45	-1907.56	2	28
UP8P3534	0xfc8f6a5145a6	-132.8	-501.45	-1924.58	2	29
TP8P3309	0x3a811742d3ba	-132.8	-501.45	-1941.6	2	30
UP8P3400	0x75e3e7f127ed	-132.8	-501.45	-1958.62	2	31
TP8P3433	0xf21c7d75f590	-132.8	-501.45	-1975.64	2	32
UP8P3314	0xd6d20c8b7bd1	-132.8	-501.45	-1992.66	2	33
TP8P3415	0x66d32a665765	-132.8	-501.45	-2009.68	2	34
UP4H0033	0x04322af8a754	-132.8	-501.45	-2026.7	2	35
TP8P3231	0x5120e4d9946e	-132.8	-501.45	-2043.72	2	36
UP8P3410	0x6c2f5f210a07	-132.8	-501.45	-2060.74	2	37
TP8P3417	0x51bd2645e43c	-132.8	-501.45	-2077.76	2	38
UP8P3532	0xc876b49e6a3c	-132.8	-501.45	-2094.78	2	39
TP8P3331	0x8aba624fb624	-132.8	-501.45	-2111.8	2	40
UP8P3468	0x69235d154deb	-132.8	-501.45	-2128.83	2	41
TP8P3359	0x194c36b3746d	-132.8	-501.45	-2145.85	2	42
UP8P3536	0x59b83a4a75c3	-132.8	-501.45	-2162.87	2	43
TP8P3437	0xef3b411a6421	-132.8	-501.45	-2179.89	2	44
UP8P3552	0x33530089b4ce	-132.8	-501.45	-2196.91	2	45
TP8P3341	0xab60986ca52e	-132.8	-501.45	-2213.93	2	46
UP8P3554	0x93402d3aad46	-132.8	-501.45	-2230.95	2	47
TP8P3301	0x30c526781a3d	-132.8	-501.45	-2247.97	2	48
UP8P3538	0x7867429461b9	-132.8	-501.45	-2264.99	2	49
TP8P3295	0xed01f9bbaea8	-132.8	-501.45	-2282.01	2	50
UP8P3394	0x7af8855f7003	-132.8	-501.45	-2299.03	2	51
TP8P3525	0x527b135fecf5	-132.8	-501.45	-2316.05	2	52
UP7Y4520	0xe64e073fa6c2	-132.8	-501.45	-2333.07	2	53
TP8P3281	0xb5fb8b75c9bb	-132.8	-501.45	-2350.1	2	54
UP8P3398	0x43b24225b506	-132.8	-501.45	-2367.12	2	55
TP8P3523	0xc6b6ad6eee4b	-132.8	-501.45	-2384.14	2	56
UP8P3338	0x358853663d26	-132.8	-501.45	-2401.16	2	57
TP8P3293	0x40e282b7519c	-132.8	-501.45	-2418.18	2	58
UP8P3404	0x4bd18fbab065	-132.8	-501.45	-2435.2	2	59
TP8P3519	0x21537d5de371	-132.8	-501.45	-2452.22	2	60
AP7P2011	0x69c52178f360	-140.41	-477.48	-2.83	2	61
AP7P2023	0x19a76b4aa0b7	-140.31	-478.05	-2.83	2	62
AP7P2009	0x0cc2546719eb	-130.66	-476.29	-2.85	2	63
AP7P2095	0xc0bde286456c	-130.61	-476.86	-2.85	2	64
UP7H8028	0xa8b9c5f67c26	-9.13	-481.74	-1448.84	3	1
TP7P2529	0xfb461d2654d1	-9.13	-481.74	-1465.86	3	2
UP7P2380	0x097d8a36c8ee	-9.13	-481.74	-1482.88	3	3
TP7H8049	0x61814135bebf	-9.13	-481.74	-1499.9	3	4
UP7P2548	0xfa03d0b3d21c	-9.13	-481.74	-1516.92	3	5
TP7P2591	0xa59150f6c258	-9.13	-481.74	-1533.94	3	6
UP7P2440	0xe4694a2dac2d	-9.13	-481.74	-1550.96	3	7
TP7Y4785	0x49fd9acb594e	-9.13	-481.74	-1567.98	3	8
UP7P2568	0x1c65c95c6eac	-9.13	-481.74	-1585	3	9
TP7P2603	0x382ae25f4aeb	-9.13	-481.74	-1602.02	3	10
UP7P2448	0x79035b78f34c	-9.13	-481.74	-1619.04	3	11
TP6H7687	0x650a85f95550	-9.13	-481.74	-1636.06	3	12
UP7P2450	0x90c583f5f31c	-9.13	-481.74	-1653.08	3	13
TP7P2597	0x77567b3dc58c	-9.13	-481.74	-1670.11	3	14
UP7P2578	0xe825465e5e14	-9.13	-481.74	-1687.13	3	15
TP7Y4759	0x56ade4d004b5	-9.13	-481.74	-1704.15	3	16
UP7P2508	0xeaf23330318c	-9.13	-481.74	-1721.17	3	17
TP7P2605	0x9976981b5ee3	-9.13	-481.74	-1738.19	3	18
UP7P2444	0x27cec7d4d922	-9.13	-481.74	-1755.21	3	19
TP7Y4713	0xa0c1f5086a52	-9.13	-481.74	-1772.23	3	20
UP7P2442	0xf20acb2a653c	-9.13	-481.74	-1789.25	3	21
TP7P2617	0xee57b3bb024f	-9.13	-481.74	-1806.27	3	22
UP7P2502	0x7027c56a42f5	-9.13	-481.74	-1823.29	3	23
TP6H7517	0x40977a5eb907	-9.13	-481.74	-1840.31	3	24
UP7P2576	0xd6209433d0c8	-9.13	-481.74	-1857.33	3	25
TP7P2565	0xe3ebb9a50d2b	-9.13	-481.74	-1874.35	3	26
UP7P2382	0x5ee6271f4814	-9.13	-481.74	-1891.37	3	27
TP7Y4789	0x0ca130d42721	-9.13	-481.74	-1908.4	3	28
UP7P2570	0xe44b031d89fb	-9.13	-481.74	-1925.42	3	29
TP7P2601	0x86687e10a33c	-9.13	-481.74	-1942.44	3	30
UP7Y4684	0xfa493f68cdc0	-9.13	-481.74	-1959.46	3	31
TP7P2557	0x8b5521ee9fb9	-9.13	-481.74	-1976.48	3	32
UP7P2446	0x162fff13d9e1	-9.13	-481.74	-1993.5	3	33
TP7P2599	0x9506e6e02f17	-9.13	-481.74	-2010.52	3	34
UP7H8000	0x98b9f2357d0e	-9.13	-481.74	-2027.54	3	35
TP7P2569	0xe3b74a19f75e	-9.13	-481.74	-2044.56	3	36
UP7P2566	0x1006af5496ac	-9.13	-481.74	-2061.58	3	37
TP7P2457	0x2a5baf630f0e	-9.13	-481.74	-2078.6	3	38
UP7Y4732	0x79ce8c267c0d	-9.13	-481.74	-2095.62	3	39
TP7Y4679	0x61ebfff3089e	-9.13	-481.74	-2112.64	3	40
UP7Y4512	0xa60552758c56	-9.13	-481.74	-2129.67	3	41
TP7P2479	0x61cf87f94040	-9.13	-481.74	-2146.69	3	42
UP7Y4712	0x66a1bcf08f16	-9.13	-481.74	-2163.71	3	43
TP7Y4703	0xb5b1d5f06d4b	-9.13	-481.74	-2180.73	3	44
UP7Y4600	0x18ef19ecf338	-9.13	-481.74	-2197.75	3	45
TP7P2483	0x01b0ec3f000e	-9.13	-481.74	-2214.77	3	46
UP7Y4734	0x97b37a2ccd76	-9.13	-481.74	-2231.79	3	47
TP7H8047	0xf1e529311306	-9.13	-481.74	-2248.81	3	48
UP7Y4518	0x11f126e5e8cd	-9.13	-481.74	-2265.83	3	49
TP7P2481	0x42924f1f1eea	-9.13	-481.74	-2282.85	3	50
UP6H7686	0x8eb400eed664	-9.13	-481.74	-2299.87	3	51
TP7H8021	0xa9af6f3604f0	-9.13	-481.74	-2316.89	3	52
UP7H8052	0x129e83832b8e	-9.13	-481.74	-2333.91	3	53
TP7P2559	0x698d874fa7ab	-9.13	-481.74	-2350.94	3	54
UP6H7688	0x4b9d8cbe49b1	-9.13	-481.74	-2367.96	3	55
TP7H8007	0xfdc7cb764a19	-9.13	-481.74	-2384.98	3	56
UP7H8014	0xd340ebe9d24c	-9.13	-481.74	-2402	3	57
TP7P2511	0xcce16a8df8d0	-9.13	-481.74	-2419.02	3	58
UP7H8042	0x4ace2c67614f	-9.13	-481.74	-2436.04	3	59
TP7H8037	0xf29cf8f0318e	-9.13	-481.74	-2453.06	3	60
AP7P2082	0xd6359c69f645	-27.9	-464.26	-2.66	3	61
AP6H7527	0x9453ccab4f94	-27.54	-464.72	-2.66	3	62
AP7P2092	0x12b3006f29ca	-20.55	-458.73	-2.79	3	63
AP6P1180	0xa67609ffa54b	-20.24	-459.22	-2.79	3	64
UP7P2706	0x89d11d5b55ac	114.39	-461.99	-1449.41	4	1
TP7P2709	0x18e410a7aae7	114.39	-461.99	-1466.43	4	2
UP7Y4674	0x63fa0d60ad43	114.39	-461.99	-1483.45	4	3
TP7P2767	0xf35dc4df03a3	114.39	-461.99	-1500.47	4	4
UP8P3138	0xdee013d593b1	114.39	-461.99	-1517.49	4	5
TP7P2795	0xdfb334a93683	114.39	-461.99	-1534.51	4	6
UP7P2736	0x2e0b9b039884	114.39	-461.99	-1551.53	4	7
TP7P2707	0xa1a41c394791	114.39	-461.99	-1568.55	4	8
UP7P2734	0x3cd9b5492adb	114.39	-461.99	-1585.57	4	9
TP7P2765	0xbb98e8207561	114.39	-461.99	-1602.59	4	10
UP7P2674	0x89d78fb261d9	114.39	-461.99	-1619.61	4	11
TP7P2793	0xed15bebde247	114.39	-461.99	-1636.63	4	12
UP7P2660	0x39dc9e31f125	114.39	-461.99	-1653.65	4	13
TP7P2761	0xa653a49260f3	114.39	-461.99	-1670.68	4	14
UP8P3112	0x75e00b28e4d1	114.39	-461.99	-1687.7	4	15
TP7P2825	0xbd0a92365ecf	114.39	-461.99	-1704.72	4	16
UP8P3124	0x5a0db230a43f	114.39	-461.99	-1721.74	4	17
TP7P2749	0x2b756d7ee007	114.39	-461.99	-1738.76	4	18
UP7P2712	0xa34c9530f2c3	114.39	-461.99	-1755.78	4	19
TP7P2827	0xe0369c008f1b	114.39	-461.99	-1772.8	4	20
UP7P2732	0x767c99359af9	114.39	-461.99	-1789.82	4	21
TP7P2829	0x207ed8327830	114.39	-461.99	-1806.84	4	22
UP7P2702	0x86fe012ee332	114.39	-461.99	-1823.86	4	23
TP7P2831	0xc22b0237db9b	114.39	-461.99	-1840.88	4	24
UP7P2716	0xb0f53da2c2e6	114.39	-461.99	-1857.9	4	25
TP7P2663	0x2419aecc23e7	114.39	-461.99	-1874.92	4	26
UP7P2704	0x090204dcc4b5	114.39	-461.99	-1891.94	4	27
TP7P2651	0x2293046e6603	114.39	-461.99	-1908.97	4	28
UP7P2638	0xaad84bcc13e2	114.39	-461.99	-1925.99	4	29
TP7P2799	0xb6ae4a713be5	114.39	-461.99	-1943.01	4	30
UP7P2724	0xde52e2338826	114.39	-461.99	-1960.03	4	31
TP7P2747	0xde7f404c4813	114.39	-461.99	-1977.05	4	32
UP7P2690	0xbb0aa32c07cc	114.39	-461.99	-1994.07	4	33
TP7P2781	0xbe6eae3fc029	114.39	-461.99	-2011.09	4	34
UP7P2696	0x047b664ed8bf	114.39	-461.99	-2028.11	4	35
TP7P2661	0x96a1eec1647d	114.39	-461.99	-2045.13	4	36
UP7P2648	0xdd7239d53b20	114.39	-461.99	-2062.15	4	37
TP7P2665	0x27c85ac90997	114.39	-461.99	-2079.17	4	38
UP7P2678	0xa1f794b2896c	114.39	-461.99	-2096.19	4	39
TP7P2763	0x0b112571b05c	114.39	-461.99	-2113.21	4	40
UP8P3144	0x8b88d32d3e99	114.39	-461.99	-2130.24	4	41
TP7P2797	0xa10aff626e8f	114.39	-461.99	-2147.26	4	42
UP7P2642	0x1aa2d9266fd6	114.39	-461.99	-2164.28	4	43
TP7P2803	0x81bf7824c854	114.39	-461.99	-2181.3	4	44
UP7P2680	0x8dffea0e34b0	114.39	-461.99	-2198.32	4	45
TP7P2807	0xc6445aa13a97	114.39	-461.99	-2215.34	4	46
UP7P2708	0x08c32a7e14c9	114.39	-461.99	-2232.36	4	47
TP7P2657	0x3e4140e95590	114.39	-461.99	-2249.38	4	48
UP7P2686	0x16e7a544b510	114.39	-461.99	-2266.4	4	49
TP7P2801	0x271e665287b1	114.39	-461.99	-2283.42	4	50
UP7P2644	0xcdcabe8999d5	114.39	-461.99	-2300.44	4	51
TP7P2751	0x92dec58a861a	114.39	-461.99	-2317.46	4	52
UP7P2676	0x51f1204d760f	114.39	-461.99	-2334.48	4	53
TP7P2805	0x7a1a3aa5b0c5	114.39	-461.99	-2351.51	4	54
UP7P2700	0xb9ec64b6a271	114.39	-461.99	-2368.53	4	55
TP7P2759	0x8ea2cb735bb3	114.39	-461.99	-2385.55	4	56
UP7P2714	0x439790b24422	114.39	-461.99	-2402.57	4	57
TP7P2787	0xf1eeca13a890	114.39	-461.99	-2419.59	4	58
UP4P0146	0x2334a17a4296	114.39	-461.99	-2436.61	4	59
TP4Y0011	0x793da237847e	114.39	-461.99	-2453.63	4	60
AP7P2067	0x8763dc30c93b	105.6	-438.42	-2.92	4	61
AP7P2083	0xcca4b49a0f80	105.71	-438.99	-2.92	4	62
AP7P2069	0xee327ce0cbae	115.2	-436.58	-2.69	4	63
AP7P2071	0x20132b8ce95b	115.33	-437.15	-2.69	4	64
UP8P3156	0x1c804cd28aed	237.78	-442.42	-1446.61	5	1
TP7P2587	0xc4c61d3c3ca9	237.78	-442.42	-1463.63	5	2
UP8P3246	0x34fc4905a9f5	237.78	-442.42	-1480.65	5	3
TP8P3147	0x2b8c2f0c4ef1	237.78	-442.42	-1497.67	5	4
UP8P3220	0xc0e532871572	237.78	-442.42	-1514.69	5	5
TP8P3177	0x4856da33d102	237.78	-442.42	-1531.71	5	6
UP8P3216	0x0a508da26b38	237.78	-442.42	-1548.73	5	7
TP8P3219	0x7868a673b58b	237.78	-442.42	-1565.75	5	8
UP8P3262	0x50f051e9f960	237.78	-442.42	-1582.77	5	9
TP8P3109	0xbae0a58a22df	237.78	-442.42	-1599.79	5	10
UP7Y4960	0xfa206d9ec5fa	237.78	-442.42	-1616.81	5	11
TP8P3127	0xc4382b37764b	237.78	-442.42	-1633.83	5	12
UP8P3218	0x6188b0256a7c	237.78	-442.42	-1650.85	5	13
TP8P3107	0xe43437c1825b	237.78	-442.42	-1667.88	5	14
UP8P3154	0xa2d725949700	237.78	-442.42	-1684.9	5	15
TP8P3201	0x4eaea9feea08	237.78	-442.42	-1701.92	5	16
UP8P3162	0x213068cb875f	237.78	-442.42	-1718.94	5	17
TP7Y4957	0xf97d519aac68	237.78	-442.42	-1735.96	5	18
UP8P3164	0x47e24118b60d	237.78	-442.42	-1752.98	5	19
TP7Y4907	0xb7528331a76f	237.78	-442.42	-1770	5	20
UP8P3228	0x473dec4ca2fc	237.78	-442.42	-1787.02	5	21
TP8P3101	0x1dfe86ab70d0	237.78	-442.42	-1804.04	5	22
UP8P3248	0x6936ddf96e33	237.78	-442.42	-1821.06	5	23
TP8P3129	0x56e9fe6cfbe2	237.78	-442.42	-1838.08	5	24
UP8P3234	0x9134ab5ae40f	237.78	-442.42	-1855.1	5	25
TP8P3111	0x5e037d93e204	237.78	-442.42	-1872.12	5	26
UP8P3260	0x58d02ed78f37	237.78	-442.42	-1889.14	5	27
TP8P3215	0x1432ba636b77	237.78	-442.42	-1906.17	5	28
UP7Y4938	0x7624f22947a4	237.78	-442.42	-1923.19	5	29
TP7P2589	0x63f23e2dc418	237.78	-442.42	-1940.21	5	30
UP7Y4962	0x8baa73dce311	237.78	-442.42	-1957.23	5	31
TP7Y4955	0x55e793949ee4	237.78	-442.42	-1974.25	5	32
UP5P0874	0xa4c3ba141c31	237.78	-442.42	-1991.27	5	33
TP7P2585	0xcdccaec94b8b	237.78	-442.42	-2008.29	5	34
UP8P3264	0x93d37bdacddc	237.78	-442.42	-2025.31	5	35
TP7P2577	0x214fdf20485a	237.78	-442.42	-2042.33	5	36
UP7P2438	0xe5cfc34241f1	237.78	-442.42	-2059.35	5	37
TP8P3199	0x90462b3f27fa	237.78	-442.42	-2076.37	5	38
UP7Y4946	0x7e91341a1ce0	237.78	-442.42	-2093.39	5	39
TP7P2579	0x6cf46d8b3f5e	237.78	-442.42	-2110.41	5	40
UP7P2400	0x9ba442f2a29b	237.78	-442.42	-2127.44	5	41
TP8P3189	0x70c9550d5a67	237.78	-442.42	-2144.46	5	42
UP6P1556	0xb86971679a3a	237.78	-442.42	-2161.48	5	43
TP8P3205	0x7fa81356850e	237.78	-442.42	-2178.5	5	44
UP8P3232	0x7b60c607ac74	237.78	-442.42	-2195.52	5	45
TP8P3173	0x66ba5a8442aa	237.78	-442.42	-2212.54	5	46
UP4Y0044	0x09aac0e13f73	237.78	-442.42	-2229.56	5	47
TP8P3185	0x91f8fabbdc1e	237.78	-442.42	-2246.58	5	48
UP7P2456	0xdddb1a424ab8	237.78	-442.42	-2263.6	5	49
TP7P2421	0x8aa76499b7aa	237.78	-442.42	-2280.62	5	50
UP8P3202	0xb3d216f8abe5	237.78	-442.42	-2297.64	5	51
TP8P3193	0xb09beab86f0d	237.78	-442.42	-2314.66	5	52
UP7P2520	0x2d1e4d611957	237.78	-442.42	-2331.68	5	53
TP8P3203	0x34f2fcf56686	237.78	-442.42	-2348.71	5	54
UP7P2454	0x55158f9a1b6e	237.78	-442.42	-2365.73	5	55
TP8P3191	0x25bfe1f176da	237.78	-442.42	-2382.75	5	56
UP6Y4230	0x002430b7b556	237.78	-442.42	-2399.77	5	57
TP7Y4939	0xd8e2b3231c65	237.78	-442.42	-2416.79	5	58
UP7P2434	0x39ea199a17f1	237.78	-442.42	-2433.81	5	59
TP8P3187	0x99c4a8188632	237.78	-442.42	-2450.83	5	60
AP7P2073	0x9039fcfb8fce	214.5	-432.25	-2.75	5	61
AP7P2075	0x3c16f90ded14	214.98	-432.57	-2.75	5	62
AP7P2099	0x34827120907d	219.66	-424.53	-2.61	5	63
AP7P2097	0xb17d60b9b610	220.15	-424.84	-2.61	5	64
UP7Y4886	0x9917a720b448	361	-422.83	-1448.56	6	1
TP7Y4847	0xfb7a2a4892ff	361	-422.83	-1465.58	6	2
UP7Y4850	0xf0c7540f4d84	361	-422.83	-1482.6	6	3
TP7P2443	0x9f575736c548	361	-422.83	-1499.62	6	4
UP7P2164	0x7edda8c014f0	361	-422.83	-1516.64	6	5
TP7Y4827	0xbcf6f8a59b38	361	-422.83	-1533.66	6	6
UP7Y4830	0x994455ba4997	361	-422.83	-1550.68	6	7
TP7Y4865	0x402684f4eae1	361	-422.83	-1567.7	6	8
UP7P2162	0x7b0f0cee0e62	361	-422.83	-1584.72	6	9
TP7P2423	0xeaaa61c452a8	361	-422.83	-1601.74	6	10
UP7Y4880	0x48e492170268	361	-422.83	-1618.76	6	11
TP7Y4511	0x12f6ba0d5908	361	-422.83	-1635.78	6	12
UP7Y4540	0xf62ce00520ba	361	-422.83	-1652.8	6	13
TP7P2403	0xe561130748cf	361	-422.83	-1669.83	6	14
UP7P2394	0x05f199a75abe	361	-422.83	-1686.85	6	15
TP7H8099	0x5478b366eb5e	361	-422.83	-1703.87	6	16
UP7P2334	0xe54a784f98cd	361	-422.83	-1720.89	6	17
TP7Y4875	0x2773c4c4acc1	361	-422.83	-1737.91	6	18
UP7Y4694	0x21d4a4305055	361	-422.83	-1754.93	6	19
TP8P3117	0xd479e1b14b99	361	-422.83	-1771.95	6	20
UP7Y4776	0x6d37ebc4faab	361	-422.83	-1788.97	6	21
TP7Y4877	0xfa3a64e2e4dd	361	-422.83	-1805.99	6	22
UP7Y4502	0x4adaf4b1cd1a	361	-422.83	-1823.01	6	23
TP7Y4505	0x7031624cff0e	361	-422.83	-1840.03	6	24
UP7H8062	0xefecee1d90a3	361	-422.83	-1857.05	6	25
TP7P2427	0x34265cda8f8b	361	-422.83	-1874.07	6	26
UP7Y4580	0x736d3f9aa768	361	-422.83	-1891.09	6	27
TP7Y4521	0x4de5eb1e543e	361	-422.83	-1908.12	6	28
UP7Y4628	0x323d90a1c59f	361	-422.83	-1925.14	6	29
TP7Y4539	0xd45104a36aaa	361	-422.83	-1942.16	6	30
UP7Y4536	0x65f84c977c09	361	-422.83	-1959.18	6	31
TP7Y4497	0xf9c1f208830f	361	-422.83	-1976.2	6	32
UP7Y4530	0x5562619654da	361	-422.83	-1993.22	6	33
TP7Y4501	0xfbb3f4e56145	361	-422.83	-2010.24	6	34
UP7Y4566	0x7032848adf4c	361	-422.83	-2027.26	6	35
TP7Y4499	0x812d7fccae45	361	-422.83	-2044.28	6	36
UP7Y4862	0x5f61a816cf4e	361	-422.83	-2061.3	6	37
TP7Y4779	0x57bba7d1843d	361	-422.83	-2078.32	6	38
UP7Y4832	0x7c1db460f8fb	361	-422.83	-2095.34	6	39
TP7Y4485	0xf087a61d45a7	361	-422.83	-2112.36	6	40
UP7Y4858	0x796bbf41cea5	361	-422.83	-2129.39	6	41
TP7Y4821	0x450d5ba99ddb	361	-422.83	-2146.41	6	42
UP7Y4804	0x917eed4d41d0	361	-422.83	-2163.43	6	43
TP7Y4873	0x44e3ee23beef	361	-422.83	-2180.45	6	44
UP7Y4908	0xe0cc699cbbb4	361	-422.83	-2197.47	6	45
TP7Y4869	0x9b0112d4d5a1	361	-422.83	-2214.49	6	46
UP7P2346	0x71720133f471	361	-422.83	-2231.51	6	47
TP7Y4849	0x9037b8777c5f	361	-422.83	-2248.53	6	48
UP7Y4666	0x39ef240fb8f2	361	-422.83	-2265.55	6	49
TP7Y4855	0x29b6f0c5b1cb	361	-422.83	-2282.57	6	50
UP7P2348	0xb695843b1b34	361	-422.83	-2299.59	6	51
TP7P2339	0x1aa327cdc3bf	361	-422.83	-2316.61	6	52
UP7Y4900	0x7c6a5c9a02d0	361	-422.83	-2333.63	6	53
TP7P2465	0xdbd9e01dbe87	361	-422.83	-2350.66	6	54
UP7P2360	0x2c636c9f26d6	361	-422.83	-2367.68	6	55
TP7P2361	0x546473c4a769	361	-422.83	-2384.7	6	56
UP7P2420	0x14be7315773c	361	-422.83	-2401.72	6	57
TP7Y4843	0xf76fb0640be5	361	-422.83	-2418.74	6	58
UP7P2358	0xf1a9c4273cd5	361	-422.83	-2435.76	6	59
TP7P2359	0xa263992c5e85	361	-422.83	-2452.78	6	60
AP7P2025	0x0d5f2aaa6a9f	356.6	-397.84	-1.69	6	61
AP6H7581	0x763096c161ce	356.6	-398.42	-1.69	6	62
AP7P2019	0xa803d0f5a2fb	366.21	-398.09	-1.63	6	63
AP6H7755	0x53e98b9c9f9c	366.22	-398.67	-1.63	6	64
UP8P3632	0x03fb70e4f234	-334.8	-424.5	-1447.48	7	1
TP9P3817	0x9c398e4e9958	-334.8	-424.5	-1464.5	7	2
UP9P3756	0x6511ed1cd5ee	-334.8	-424.5	-1481.52	7	3
TP9P3721	0x81a1e3528513	-334.8	-424.5	-1498.54	7	4
UP8P3590	0x516863947ff3	-334.8	-424.5	-1515.56	7	5
TP8P3477	0x677103df0166	-334.8	-424.5	-1532.58	7	6
UP8P3480	0x62d6ff9d885e	-334.8	-424.5	-1549.6	7	7
TP8P3561	0x9dba7367a644	-334.8	-424.5	-1566.62	7	8
UP9P3754	0x9ebb6bf2e9dd	-334.8	-424.5	-1583.64	7	9
TP8P3667	0x0016e47ed47d	-334.8	-424.5	-1600.66	7	10
UP9P3734	0x010f953463fd	-334.8	-424.5	-1617.68	7	11
TP8P3597	0xac385502ab6f	-334.8	-424.5	-1634.7	7	12
UP9P3818	0x508c83f3d282	-334.8	-424.5	-1651.72	7	13
TP8P3475	0x7b756d8ed384	-334.8	-424.5	-1668.75	7	14
UP9P3806	0x59e854b2334a	-334.8	-424.5	-1685.77	7	15
TP8P3669	0xcec9fb8d835d	-334.8	-424.5	-1702.79	7	16
UP8P3566	0xdc0a29be8064	-334.8	-424.5	-1719.81	7	17
TP8P3589	0xaa4ec3be6225	-334.8	-424.5	-1736.83	7	18
UP9P3714	0x9dd5d112d521	-334.8	-424.5	-1753.85	7	19
TP9P3739	0xef1af622b58b	-334.8	-424.5	-1770.87	7	20
UP8P3570	0x562339bd2e82	-334.8	-424.5	-1787.89	7	21
TP9P3811	0x77dde13d0ebd	-334.8	-424.5	-1804.91	7	22
UP9P3788	0xd4c2b259064f	-334.8	-424.5	-1821.93	7	23
TP9P3727	0x4c0b330adce0	-334.8	-424.5	-1838.95	7	24
UP9P3716	0xc3ac860a3507	-334.8	-424.5	-1855.97	7	25
TP9P3717	0xf6f4eeea38ce	-334.8	-424.5	-1872.99	7	26
UP9P3726	0x6dc56d2e7493	-334.8	-424.5	-1890.01	7	27
TP9P3729	0x29649cf0f7fb	-334.8	-424.5	-1907.04	7	28
UP9P3752	0x39595502201c	-334.8	-424.5	-1924.06	7	29
TP9P3759	0x9799a544b540	-334.8	-424.5	-1941.08	7	30
UP8P3562	0x524093180cb7	-334.8	-424.5	-1958.1	7	31
TP9P3735	0x7754dfe66a52	-334.8	-424.5	-1975.12	7	32
UP9P3804	0x0e0055b4d643	-334.8	-424.5	-1992.14	7	33
TP9P3757	0xb6fd3a422011	-334.8	-424.5	-2009.16	7	34
UP6Y4438	0x0a21a4b86298	-334.8	-424.5	-2026.18	7	35
TP9P3755	0x2320fe51cc91	-334.8	-424.5	-2043.2	7	36
XABCDEF1	0x012345678901	-334.8	-424.5	-2060.22	7	37
XABCDEF2	0x012345678902	-334.8	-424.5	-2077.24	7	38
XABCDEF3	0x012345678903	-334.8	-424.5	-2094.26	7	39
XABCDEF4	0x012345678904	-334.8	-424.5	-2111.28	7	40
XABCDEF5	0x012345678905	-334.8	-424.5	-2128.31	7	41
XABCDEF6	0x012345678906	-334.8	-424.5	-2145.33	7	42
UP8P3582	0xeaf3fe2cc0e2	-334.8	-424.5	-2162.35	7	43
TP8P3491	0x8b13cb959e23	-334.8	-424.5	-2179.37	7	44
XABCDEF7	0x012345678907	-334.8	-424.5	-2196.39	7	45
TP8P3593	0xd4db9f1b764d	-334.8	-424.5	-2213.41	7	46
UP9P3794	0x8991c42c01a7	-334.8	-424.5	-2230.43	7	47
TP8P3595	0x18fd168086cd	-334.8	-424.5	-2247.45	7	48
UP8P3604	0x437ba560f8c5	-334.8	-424.5	-2264.47	7	49
TP9P3819	0x39e8bb68e106	-334.8	-424.5	-2281.49	7	50
UP8P3618	0xb09314d65662	-334.8	-424.5	-2298.51	7	51
TP8P3473	0x1079699a034d	-334.8	-424.5	-2315.53	7	52
UP8P3628	0xb2268b9d6b87	-334.8	-424.5	-2332.55	7	53
TP8P3599	0x0696638c79c2	-334.8	-424.5	-2349.58	7	54
UP9P3772	0x19a6ac49b2a7	-334.8	-424.5	-2366.6	7	55
TP9P3803	0x949220873394	-334.8	-424.5	-2383.62	7	56
UP9P3750	0x162bc4d50f82	-334.8	-424.5	-2400.64	7	57
TP9P3815	0x861f52b848fe	-334.8	-424.5	-2417.66	7	58
UP9P3938	0xa25b38b689f4	-334.8	-424.5	-2434.68	7	59
TP9P3961	0x1275daa94daa	-334.8	-424.5	-2451.7	7	60
AP7P2002	0xbed3e420a6c8	-344.09	-400.19	-2.69	7	61
AP7P2032	0x0664580ef681	-344.01	-400.76	-2.69	7	62
AP8P3014	0x0b57fb20d3e6	-334.37	-398.72	-2.94	7	63
AP7P2024	0xc93b11c474f9	-334.28	-399.29	-2.94	7	64
UP7P2710	0x10d118281e26	-211.35	-404.48	-1449.44	8	1
TP8P3449	0x3aaea7e601fd	-211.35	-404.48	-1466.46	8	2
UP8Y5016	0xfce541ed5875	-211.35	-404.48	-1483.48	8	3
TP8P3471	0x8f88099f991e	-211.35	-404.48	-1500.51	8	4
UP8P3490	0x4da7f92cad09	-211.35	-404.48	-1517.53	8	5
TP8P3463	0xcdcb5206aaca	-211.35	-404.48	-1534.55	8	6
UP8P3502	0xa7895545be6d	-211.35	-404.48	-1551.57	8	7
TP8P3459	0xdb7afa3b1d2f	-211.35	-404.48	-1568.59	8	8
UP8P3492	0xaf5e88004e25	-211.35	-404.48	-1585.61	8	9
TP8P3455	0x29944e50d8f3	-211.35	-404.48	-1602.63	8	10
UP8Y5038	0x9c8f6161ceca	-211.35	-404.48	-1619.65	8	11
TP7Y4867	0xa5a67c026ae9	-211.35	-404.48	-1636.67	8	12
UP8P3496	0x619ee8b9d11f	-211.35	-404.48	-1653.69	8	13
TP8P3457	0x6d9f7b9ec479	-211.35	-404.48	-1670.71	8	14
UP8Y5050	0x74fb22318da5	-211.35	-404.48	-1687.73	8	15
TP8P3551	0x56d081c7ed1b	-211.35	-404.48	-1704.75	8	16
UP8P3512	0x9505b1246168	-211.35	-404.48	-1721.78	8	17
TP8P3467	0x62daf1e082f9	-211.35	-404.48	-1738.8	8	18
UP8Y5102	0xee04fa60a7c2	-211.35	-404.48	-1755.82	8	19
TP8Y4987	0xc2691f18bb4b	-211.35	-404.48	-1772.84	8	20
UP8P3510	0xed5a3d6e40b5	-211.35	-404.48	-1789.86	8	21
TP8P3549	0x38b36114dff8	-211.35	-404.48	-1806.88	8	22
UP7Y4878	0x8f98caded6c6	-211.35	-404.48	-1823.9	8	23
TP8Y4995	0xeb9dc7c80bb0	-211.35	-404.48	-1840.92	8	24
UP8P3548	0xe0ffeb88bb85	-211.35	-404.48	-1857.94	8	25
TP8Y5067	0x9de1e6c62753	-211.35	-404.48	-1874.96	8	26
UP8Y5036	0x1af917ec62b5	-211.35	-404.48	-1891.98	8	27
TP7Y4859	0x9a9884eb84b0	-211.35	-404.48	-1909	8	28
UP7P2308	0x8eddbce3757e	-211.35	-404.48	-1926.02	8	29
TP7H8231	0xf4155efdb661	-211.35	-404.48	-1943.05	8	30
UP7H8186	0x2f49c79b81f3	-211.35	-404.48	-1960.07	8	31
TP8Y5075	0x3373a3868372	-211.35	-404.48	-1977.09	8	32
UP7H8120	0xe292f81f159a	-211.35	-404.48	-1994.11	8	33
TP7H8213	0x5d73d043c3b5	-211.35	-404.48	-2011.13	8	34
UP7Y4870	0xa1aa615d0a79	-211.35	-404.48	-2028.15	8	35
TP7H8197	0x4fa83ceef82e	-211.35	-404.48	-2045.17	8	36
UP7Y4748	0x2db3d359d581	-211.35	-404.48	-2062.19	8	37
TP7H8235	0x19cfe62dbbb2	-211.35	-404.48	-2079.21	8	38
UP8P3508	0x74ba17c9eab1	-211.35	-404.48	-2096.23	8	39
TP8Y5025	0x3472fea82ea8	-211.35	-404.48	-2113.25	8	40
UP8P3434	0x7ee9f78837f1	-211.35	-404.48	-2130.27	8	41
TP9P3955	0x3566d8c37601	-211.35	-404.48	-2147.29	8	42
UP7Y4866	0xa5d4d963ef9d	-211.35	-404.48	-2164.31	8	43
TP8P3547	0xf56a05189ff0	-211.35	-404.48	-2181.34	8	44
UP8Y5082	0x566dd95569ab	-211.35	-404.48	-2198.36	8	45
TP8P3469	0x041234b8d085	-211.35	-404.48	-2215.38	8	46
UP7H8216	0x9ab0a01c66c5	-211.35	-404.48	-2232.4	8	47
TP8P3509	0x05a2a828e40a	-211.35	-404.48	-2249.42	8	48
UP8Y4982	0xca89aa173c6b	-211.35	-404.48	-2266.44	8	49
TP9P3969	0xaa8070ed0e25	-211.35	-404.48	-2283.46	8	50
UP8Y5064	0x0370a102fe28	-211.35	-404.48	-2300.48	8	51
TP8Y5011	0x3fdce41283bd	-211.35	-404.48	-2317.5	8	52
UP8Y5088	0x8840d5b7c60c	-211.35	-404.48	-2334.52	8	53
TP8Y5019	0x97bd1f33fc96	-211.35	-404.48	-2351.54	8	54
UP8Y5176	0x6e5e7df2b968	-211.35	-404.48	-2368.56	8	55
TP9P3935	0x0b4fbf4ec4e9	-211.35	-404.48	-2385.58	8	56
UP8Y5086	0x3b20706f3d76	-211.35	-404.48	-2402.61	8	57
TP8Y5007	0x10447d1d8e53	-211.35	-404.48	-2419.63	8	58
UP8Y4992	0xed03a2da07ee	-211.35	-404.48	-2438.45	8	59
TP9P3979	0xe5135bc12f2d	-211.35	-404.48	-2455.47	8	60
AP7P2054	0x9d739422eb87	-231.42	-389.04	-3.1	8	61
AP8P3008	0xbab76c8adc72	-231.03	-389.48	-3.1	8	62
AP7P2061	0x2fd7591eab3f	-224.38	-382.73	-3.02	8	63
AP7P2052	0xa712065e58e9	-223.99	-383.16	-3.02	8	64
UP8P3316	0xc3230a358562	-88.05	-384.3	-1448.05	9	1
TP7P2237	0x9627b654328b	-88.05	-384.3	-1465.08	9	2
UP8P3464	0x93f310b71816	-88.05	-384.3	-1482.1	9	3
TP7P2281	0xed15be549f60	-88.05	-384.3	-1499.12	9	4
UP8P3456	0xbdd8a39e2114	-88.05	-384.3	-1516.14	9	5
TP8P3249	0xfd5bfdf7087b	-88.05	-384.3	-1533.16	9	6
UP8P3366	0x226fc0214283	-88.05	-384.3	-1550.18	9	7
TP7P2249	0x76c5c3d5a342	-88.05	-384.3	-1567.2	9	8
UP7P2322	0xbd260fae8cf2	-88.05	-384.3	-1584.22	9	9
TP8P3251	0x32d5d965d261	-88.05	-384.3	-1601.24	9	10
UP8P3450	0x0c5bd7c5f1df	-88.05	-384.3	-1618.26	9	11
TP7P2471	0x736530d477f4	-88.05	-384.3	-1635.28	9	12
UP7P2126	0xb35951bf069e	-88.05	-384.3	-1652.3	9	13
TP7P2755	0xaa1f60b3a8e5	-88.05	-384.3	-1669.32	9	14
UP7Y4714	0xdc9a8b792fa5	-88.05	-384.3	-1686.35	9	15
TP7P2509	0xee7de4bcda52	-88.05	-384.3	-1703.37	9	16
UP8P3372	0x557fb05d5173	-88.05	-384.3	-1720.39	9	17
TP8P3255	0x83696a6e23a7	-88.05	-384.3	-1737.41	9	18
UP8P3452	0x6f11ab589dc5	-88.05	-384.3	-1754.43	9	19
TP8P3253	0x34e1ed77aeaf	-88.05	-384.3	-1771.45	9	20
UP7P2238	0x42fb1de916d0	-88.05	-384.3	-1788.47	9	21
TP7P2721	0x478589a2f468	-88.05	-384.3	-1805.49	9	22
UP5P0608	0x65623ad0acf9	-88.05	-384.3	-1822.51	9	23
TP8P3209	0x1ec5dea1bbf4	-88.05	-384.3	-1839.53	9	24
UP7P2496	0x0e3829121652	-88.05	-384.3	-1856.55	9	25
TP8P3133	0x4a9f5c028a98	-88.05	-384.3	-1873.57	9	26
UP7H8030	0xc25919157c24	-88.05	-384.3	-1890.59	9	27
TP7P2255	0xd1764ca54212	-88.05	-384.3	-1907.61	9	28
UP7P2234	0x929663bdd2d1	-88.05	-384.3	-1924.64	9	29
TP8Y5009	0xd8be29c1c0fc	-88.05	-384.3	-1941.66	9	30
UP8P3390	0x96ca3b96d5c7	-88.05	-384.3	-1958.68	9	31
TP8P3267	0x369244595a97	-88.05	-384.3	-1975.7	9	32
UP7P2186	0xc4fbe853920e	-88.05	-384.3	-1992.72	9	33
TP7P2411	0x4a408d322173	-88.05	-384.3	-2009.74	9	34
UP8P3448	0x2963c0f1fde6	-88.05	-384.3	-2026.76	9	35
TP7P2499	0x16ac245002df	-88.05	-384.3	-2043.78	9	36
UP6H7644	0x3cff3bc9901f	-88.05	-384.3	-2060.8	9	37
TP8P3207	0x99d606243a15	-88.05	-384.3	-2077.82	9	38
UP6H7728	0xc762d582efab	-88.05	-384.3	-2094.84	9	39
TP7P2325	0x44999d27fc7f	-88.05	-384.3	-2111.86	9	40
UP7Y4696	0x0bd9e6008988	-88.05	-384.3	-2128.88	9	41
TP7P2745	0x2295de4ab6eb	-88.05	-384.3	-2145.91	9	42
UP7H8198	0x6a12d25beea1	-88.05	-384.3	-2162.93	9	43
TP7P2561	0x1d6941856b75	-88.05	-384.3	-2179.95	9	44
UP8P3444	0x5da36c55e690	-88.05	-384.3	-2196.97	9	45
TP8P3399	0xd6c67482ec5f	-88.05	-384.3	-2213.99	9	46
UP7P2324	0xd80ee170e816	-88.05	-384.3	-2231.01	9	47
TP8P3245	0xbc35ab0c0620	-88.05	-384.3	-2248.03	9	48
UP7P2436	0xb26d41c3e751	-88.05	-384.3	-2265.05	9	49
TP6P1611	0xb2b55f9725ed	-88.05	-384.3	-2282.07	9	50
UP6H7656	0x9d908a7fea03	-88.05	-384.3	-2299.09	9	51
TP7P2399	0x279b550026ff	-88.05	-384.3	-2316.11	9	52
UP8P3358	0x3d19e378ed64	-88.05	-384.3	-2333.13	9	53
TP7P2409	0x91355f47d63f	-88.05	-384.3	-2350.15	9	54
UP4H0032	0x69eedcf34200	-88.05	-384.3	-2367.18	9	55
TP8P3329	0x2cbf32378b93	-88.05	-384.3	-2384.2	9	56
UP9P3958	0x2fa56c65da08	-88.05	-384.3	-2401.22	9	57
TP9P3971	0x5263e32c380d	-88.05	-384.3	-2418.24	9	58
UP9P3964	0x6d92ba1e8a37	-88.05	-384.3	-2435.26	9	59
TP9P3973	0x874ca6cee9f3	-88.05	-384.3	-2452.9	9	60
AP7P2094	0xfad5219161ab	-85.13	-359.45	-3.17	9	61
TP6P1563	0x81dc33d54be9	-85.26	-360.01	-3.17	9	62
AP7P2028	0xf616e353f105	-75.99	-362.16	-3.07	9	63
AP6H7583	0x9afbd6586b5f	-76.14	-362.72	-3.07	9	64
UP7P2542	0x98b7b6b98e9f	35.54	-364.83	-1450.36	10	1
TP7P2553	0x900acfb134d3	35.54	-364.83	-1467.38	10	2
UP7P2552	0x77440de8994c	35.54	-364.83	-1484.4	10	3
TP7P2543	0x87ccc169316b	35.54	-364.83	-1501.42	10	4
UP7P2544	0x33840c5d1931	35.54	-364.83	-1518.44	10	5
TP7H8119	0x8c4b07d01ada	35.54	-364.83	-1535.46	10	6
UP7H8040	0xf9118aa5cae4	35.54	-364.83	-1552.48	10	7
TP7P2551	0x064edf2068bb	35.54	-364.83	-1569.5	10	8
UP7P2562	0x5070a654d5bb	35.54	-364.83	-1586.52	10	9
TP7P2547	0xdde189309f7d	35.54	-364.83	-1603.54	10	10
UP7P2556	0xd67421279404	35.54	-364.83	-1620.56	10	11
TP7H8087	0xeaa26420c97c	35.54	-364.83	-1637.58	10	12
UP7H8098	0x9724968ef7dc	35.54	-364.83	-1654.6	10	13
TP7H8085	0x0afc35719647	35.54	-364.83	-1671.63	10	14
UP7P2538	0xb9adeae6e010	35.54	-364.83	-1688.65	10	15
TP7Y4749	0x05f6bd68263f	35.54	-364.83	-1705.67	10	16
UP7Y4794	0x05283a08c417	35.54	-364.83	-1722.69	10	17
TP7P2531	0xdf0de8cb084a	35.54	-364.83	-1739.71	10	18
UP7P2526	0x55ef64629b71	35.54	-364.83	-1756.73	10	19
TP7Y4775	0x01041495ea66	35.54	-364.83	-1773.75	10	20
UP7P2404	0x5af6b273553f	35.54	-364.83	-1790.77	10	21
TP7P2555	0x33e01c7ebec8	35.54	-364.83	-1807.79	10	22
UP7P2458	0xab05764dd399	35.54	-364.83	-1824.81	10	23
TP7Y4815	0x57d7517d0b06	35.54	-364.83	-1841.83	10	24
UP7Y4820	0xa1e8c82eab1c	35.54	-364.83	-1858.85	10	25
TP7P2533	0x3fc8c87cd127	35.54	-364.83	-1875.87	10	26
UP7Y4848	0x68a981b04825	35.54	-364.83	-1892.89	10	27
TP7P2495	0xf04066953e67	35.54	-364.83	-1909.92	10	28
UP7H8072	0xb44bb25a7c73	35.54	-364.83	-1926.94	10	29
TP7P2451	0x1efa718436ad	35.54	-364.83	-1943.96	10	30
UP5P0686	0x6b546d80cc1a	35.54	-364.83	-1960.98	10	31
TP7Y4805	0x70286d69827b	35.54	-364.83	-1978	10	32
UP7P2462	0x055a0f4d4519	35.54	-364.83	-1995.02	10	33
TP7H8089	0x5e14b191f052	35.54	-364.83	-2012.04	10	34
UP7H8048	0x51bceb591552	35.54	-364.83	-2029.06	10	35
TP7P2549	0xe0aaaa68b05e	35.54	-364.83	-2046.08	10	36
UP7P2528	0x208aa2d89f36	35.54	-364.83	-2063.1	10	37
TP7P2453	0x6e822a584572	35.54	-364.83	-2080.12	10	38
UP7H8118	0x913532d97dd5	35.54	-364.83	-2097.14	10	39
TP7H8105	0xd19c0eb6643f	35.54	-364.83	-2114.16	10	40
UP6P1870	0x840dac842f28	35.54	-364.83	-2131.19	10	41
TP7P2517	0x5b562bb5179a	35.54	-364.83	-2148.21	10	42
UP7H8074	0x6f18833f8b6f	35.54	-364.83	-2165.23	10	43
TP7P2475	0x82674045d089	35.54	-364.83	-2182.25	10	44
UP7P2512	0x815e88613ae5	35.54	-364.83	-2199.27	10	45
TP7H8065	0xf7ec304c5caf	35.54	-364.83	-2216.29	10	46
UP7H8100	0xafa8d2b1b9ff	35.54	-364.83	-2233.31	10	47
TP7H8081	0xf025505da837	35.54	-364.83	-2250.33	10	48
UP7P2558	0x1c9b7dfec265	35.54	-364.83	-2267.35	10	49
TP7P2137	0x08cd4597bb70	35.54	-364.83	-2284.37	10	50
UP7P2408	0x82f06c7576cc	35.54	-364.83	-2301.39	10	51
TP7P2489	0xbd117ddaaf89	35.54	-364.83	-2318.41	10	52
UP7P2494	0xcf05625f1904	35.54	-364.83	-2335.43	10	53
TP7P2563	0x94b1416a34b4	35.54	-364.83	-2352.46	10	54
UP7P2406	0x73cf7884f1d4	35.54	-364.83	-2369.48	10	55
TP7P2263	0xb477c2e4c727	35.54	-364.83	-2386.5	10	56
UP7Y4808	0x7e290bb44cb8	35.54	-364.83	-2403.52	10	57
TP7H8091	0x4b3c3b90e950	35.54	-364.83	-2420.54	10	58
UP7H8092	0x3963aff7764b	35.54	-364.83	-2437.56	10	59
TP7P2487	0x4696f5e99e5d	35.54	-364.83	-2454.58	10	60
AP7P2088	0x8f97cefaabf5	25	-342.2	-3.1	10	61
AP7P2096	0x5fa9ebf82828	25.19	-342.74	-3.1	10	62
AP7P2090	0xa5dc66580e95	34.44	-339.47	-3	10	63
AP7P2093	0xe4648ab898e2	34.61	-340.02	-3	10	64
UP7Y4750	0x695cd3ff41b0	158.94	-345.23	-1448.24	11	1
TP7P2705	0x18b5de34cbcd	158.94	-345.23	-1465.26	11	2
UP7P2626	0x588c18033e94	158.94	-345.23	-1482.28	11	3
TP7P2701	0x7118e1291c8b	158.94	-345.23	-1499.3	11	4
UP8P3114	0xcc65b64dd8a0	158.94	-345.23	-1516.32	11	5
TP7P2699	0x99858e4689cf	158.94	-345.23	-1533.34	11	6
UP8P3116	0xa937127f40ad	158.94	-345.23	-1550.36	11	7
TP8P3365	0x77c717125425	158.94	-345.23	-1567.38	11	8
UP7P2662	0x6a6256a38c96	158.94	-345.23	-1584.4	11	9
TP7P2773	0x53509230834a	158.94	-345.23	-1601.42	11	10
UP7P2684	0x9a23651c157a	158.94	-345.23	-1618.44	11	11
TP7P2815	0xe314e161efda	158.94	-345.23	-1635.46	11	12
UP7P2672	0x82ce0f8efd64	158.94	-345.23	-1652.48	11	13
TP7P2477	0x686ee53655bf	158.94	-345.23	-1669.51	11	14
UP7P2666	0x2b1718f84242	158.94	-345.23	-1686.53	11	15
TP7P2775	0xf388810e986c	158.94	-345.23	-1703.55	11	16
UP7P2670	0x4a8698ddd7d5	158.94	-345.23	-1720.57	11	17
TP7P2819	0x572321880f7e	158.94	-345.23	-1737.59	11	18
UP7P2682	0x24ae503f95dd	158.94	-345.23	-1754.61	11	19
TP7P2771	0x0229e0648858	158.94	-345.23	-1771.63	11	20
UP8P3118	0x0e7ff4a7de27	158.94	-345.23	-1788.65	11	21
TP7P2817	0xab0920f34f5d	158.94	-345.23	-1805.67	11	22
UP7P2636	0xc70e3adc7b6a	158.94	-345.23	-1822.69	11	23
TP7P2693	0xdb1e70235dd2	158.94	-345.23	-1839.71	11	24
UP7P2560	0x17139ef05696	158.94	-345.23	-1856.73	11	25
TP7P2225	0xe89b7314e5a4	158.94	-345.23	-1873.75	11	26
UP8P3110	0x10d8c25d96cd	158.94	-345.23	-1890.77	11	27
TP7P2695	0xbcde171df143	158.94	-345.23	-1907.8	11	28
UP7P2632	0x03a56c8c1d95	158.94	-345.23	-1924.82	11	29
TP7P2735	0xbc44b39cfa73	158.94	-345.23	-1941.84	11	30
UP8P3134	0x7759cb45790a	158.94	-345.23	-1958.86	11	31
TP7P2667	0xd7c64c74116d	158.94	-345.23	-1975.88	11	32
UP7P2654	0x291efe8d983c	158.94	-345.23	-1992.9	11	33
TP7P2777	0xb0b021a439f6	158.94	-345.23	-2009.92	11	34
UP7P2646	0x2b9aa9504c5c	158.94	-345.23	-2026.94	11	35
TP7P2737	0x0fd2d4a4fc5f	158.94	-345.23	-2043.96	11	36
