250 0
252 0
254 0
256 0
258 0
260 0
262 0
264 0
266 0
268 0
270 0
272 0
274 0
276 0
278 0
280 0
282 0
284 0
286 0
288 0
290 0
292 0
294 0
296 0
298 0
300 0
302 0.0362282
304 0.132307
306 0.330079
308 0.658925
310 1.13802
312 2.39725
314 4.06078
316 6.01607
318 8.16597
320 10.468
322 14.9656
324 19.3186
326 23.4008
328 27.185
330 30.7553
332 36.2785
334 40.8691
336 44.6268
338 47.703
340 50.39
342 54.2213
344 57.1326
346 59.3643
348 61.0994
350 62.5446
352 64.7287
354 66.3334
356 67.6438
358 68.7838
360 69.7647
362 70.7908
364 71.7425
366 72.718
368 73.7305
370 74.7075
372 75.0715
374 75.4003
376 75.5089
378 75.3902
380 75.2111
382 77.0184
384 78.0447
386 78.7066
388 79.1656
390 79.5175
392 79.6551
394 79.697
396 79.6343
398 79.4869
400 79.3127
402 79.004
404 78.6841
406 78.3948
408 78.1315
410 77.8428
412 77.6881
414 77.5323
416 77.3668
418 77.1913
420 77.0145
422 76.8105
424 76.6059
426 76.4046
428 76.2067
430 76.0083
432 75.6699
434 75.3291
436 74.9572
438 74.554
440 74.1476
442 73.8027
444 73.4507
446 73.0793
448 72.6893
450 72.2945
452 71.8302
454 71.3556
456 70.8271
458 70.2459
460 69.6584
462 68.8477
464 68.0365
466 67.1743
468 66.2613
470 65.3476
472 64.3869
474 63.4263
476 62.4978
478 61.6016
480 60.7053
482 59.9202
484 59.1348
486 58.4095
488 57.7445
490 57.0792
492 56.4767
494 55.8739
496 55.2965
498 54.7448
500 54.1927
502 53.6094
504 53.0253
506 52.4552
508 51.8991
510 51.3423
512 50.6997
514 50.0569
516 49.3009
518 48.4318
520 47.5624
522 46.3258
524 45.0889
526 43.675
528 42.0841
530 40.4929
532 38.8255
534 37.158
536 35.5149
538 33.8961
540 32.2773
542 30.9204
544 29.5637
546 28.3574
548 27.3014
550 26.2454
552 25.4245
554 24.6036
556 23.8792
558 23.2512
560 22.6232
562 22.1244
564 21.6256
566 21.1586
568 20.7235
570 20.2883
572 19.9022
574 19.516
576 19.148
578 18.7981
580 18.4481
582 18.094
584 17.7399
586 17.3917
588 17.0494
590 16.7071
592 16.3641
594 16.0209
596 15.6858
598 15.3588
600 15.0317
602 14.7146
604 14.3973
606 14.0762
608 13.751
610 13.4258
612 13.1093
614 12.7928
616 12.4672
618 12.1324
620 11.7976
622 11.4726
624 11.1477
626 10.8264
628 10.5088
630 10.1912
632 9.8818
634 9.57241
636 9.2683
638 8.96946
640 8.67062
642 8.42154
644 8.17246
646 7.91973
648 7.66335
650 7.40697
652 7.10098
654 6.79498
656 6.58235
658 6.46307
660 6.34379
662 6.19004
664 6.03628
666 5.78849
668 5.44668
670 5.10487
672 4.78563
674 4.46639
676 4.17761
678 3.91929
680 3.66098
682 3.42048
684 3.17997
686 2.94873
688 2.72674
690 2.50475
692 0
694 0
696 0
698 0
700 0