260. 0
270. 0.0216679
280. 0.0216679
290. 0.0216679
300. 0.00738137
310. 0.449679
320. 1.8661
330. 5.69319
340. 12.0886
350. 20.5996
360. 25.0499
370. 30.4187
380. 33.3292
390. 35.5196
400. 37.2631
410. 38.3556
420. 38.4264
430. 37.4532
440. 36.2977
450. 35.0793
460. 33.5026
470. 31.2659
480. 29.39
490. 27.9491
500. 26.7876
510. 25.3966
520. 22.2909
530. 17.9113
540. 14.7054
550. 12.6214
560. 11.1761
570. 9.8102
580. 8.50802
590. 7.09102
600. 5.83098
610. 4.55129
620. 3.54178
630. 2.41826
640. 1.62666
650. 0.977615
660. 0.598539
670. 0.384281
680. 0.170985