270.00 0.00
280.00 0.00
290.00 0.00
300.00 0.00
310.00 0.13
320.00 0.80
330.00 3.02
340.00 8.23
350.00 15.85
360.00 20.23
370.00 24.87
380.00 28.15
390.00 30.30
400.00 32.04
410.00 32.29
420.00 32.89
430.00 32.43
440.00 31.95
450.00 31.61
460.00 30.84
470.00 29.43
480.00 29.02
490.00 28.50
500.00 27.97
510.00 26.39
520.00 22.83
530.00 18.70
540.00 16.27
550.00 15.11
560.00 14.13
570.00 12.93
580.00 11.30
590.00 9.40
600.00 7.70
610.00 5.99
620.00 4.32
630.00 2.88
640.00 1.90
650.00 1.15
660.00 0.63
670.00 0.33
680.00 0.17
690.00 0.08
