270.00 0.00
280.00 0.00
290.00 0.00
300.00 6.91
310.00 30.58
320.00 47.95
330.00 66.05
340.00 81.67
350.00 94.43
360.00 99.72
370.00 99.43
380.00 102.40
390.00 102.87
400.00 101.50
410.00 99.12
420.00 98.05
430.00 99.21
440.00 97.89
450.00 95.94
460.00 92.66
470.00 88.27
480.00 85.76
490.00 84.93
500.00 83.38
510.00 80.18
520.00 72.46
530.00 60.62
540.00 51.86
550.00 47.10
560.00 43.89
570.00 41.22
580.00 37.62
590.00 32.87
600.00 28.30
610.00 23.82
620.00 19.36
630.00 15.43
640.00 11.97
650.00 9.07
660.00 6.95
670.00 4.69
680.00 3.17
690.00 2.11
