270.00 0.00
280.00 0.00
290.00 0.13
300.00 2.70
310.00 14.93
320.00 38.15
330.00 61.26
340.00 77.39
350.00 85.24
360.00 90.06
370.00 91.00
380.00 91.48
390.00 90.53
400.00 88.97
410.00 86.69
420.00 84.17
430.00 82.57
440.00 80.14
450.00 77.31
460.00 73.58
470.00 70.02
480.00 68.14
490.00 66.67
500.00 64.06
510.00 58.18
520.00 48.68
530.00 39.86
540.00 34.80
550.00 31.95
560.00 29.30
570.00 26.84
580.00 23.42
590.00 19.63
600.00 16.18
610.00 12.89
620.00 9.81
630.00 7.18
640.00 5.09
650.00 3.42
660.00 2.15
670.00 1.27
680.00 0.75
690.00 0.00