energy_center_gev track_center_m mu_fitted sigma_fitted
1.539927 0.432520 -1.314675 0.854255
1.539927 0.583209 -1.314675 0.854255
1.539927 0.786398 -2.043890 0.234809
1.539927 1.060378 -2.043890 0.234809
1.539927 1.429813 -2.043890 0.234809
1.539927 1.927958 -2.043890 0.234809
1.539927 2.599657 -2.043890 0.234809
1.539927 3.505374 -2.043890 0.234809
1.539927 4.726642 -2.043890 0.234809
1.539927 6.373399 -1.979615 0.216723
1.539927 8.593884 -1.913802 0.214858
1.539927 11.587984 -1.906107 0.215382
1.539927 15.625224 -1.906107 0.215382
1.539927 21.069035 -1.906107 0.215382
1.539927 28.409463 -1.634577 0.147888
1.539927 38.307288 -1.634577 0.147888
1.539927 51.653503 -1.634577 0.147888
1.539927 69.649526 -1.634577 0.147888
1.539927 93.915342 -1.634577 0.147888
1.539927 126.635341 -1.634577 0.147888
2.116693 0.432520 -1.314675 0.854255
2.116693 0.583209 -1.314675 0.854255
2.116693 0.786398 -1.314675 0.854255
2.116693 1.060378 -2.043890 0.234809
2.116693 1.429813 -2.043890 0.234809
2.116693 1.927958 -2.043890 0.234809
2.116693 2.599657 -2.043890 0.234809
2.116693 3.505374 -1.956099 0.289020
2.116693 4.726642 -1.909333 0.238552
2.116693 6.373399 -1.866624 0.198966
2.116693 8.593884 -1.832097 0.188617
2.116693 11.587984 -1.814855 0.201250
2.116693 15.625224 -1.691699 0.188720
2.116693 21.069035 -1.691699 0.188720
2.116693 28.409463 -1.634577 0.147888
2.116693 38.307288 -1.634577 0.147888
2.116693 51.653503 -1.634577 0.147888
2.116693 69.649526 -1.634577 0.147888
2.116693 93.915342 -1.634577 0.147888
2.116693 126.635341 -1.634577 0.147888
2.909483 0.432520 -1.314675 0.854255
2.909483 0.583209 -1.314675 0.854255
2.909483 0.786398 -1.314675 0.854255
2.909483 1.060378 -1.314675 0.854255
2.909483 1.429813 -2.043890 0.234809
2.909483 1.927958 -2.043890 0.234809
2.909483 2.599657 -1.843360 0.368105
2.909483 3.505374 -1.816207 0.290381
2.909483 4.726642 -1.775505 0.242655
2.909483 6.373399 -1.738859 0.201953
2.909483 8.593884 -1.727747 0.174058
2.909483 11.587984 -1.740243 0.186744
2.909483 15.625224 -1.741179 0.192492
2.909483 21.069035 -1.701593 0.174813
2.909483 28.409463 -1.634577 0.147888
2.909483 38.307288 -1.634577 0.147888
2.909483 51.653503 -1.634577 0.147888
2.909483 69.649526 -1.634577 0.147888
2.909483 93.915342 -1.634577 0.147888
2.909483 126.635341 -1.509370 0.116071
3.999205 0.432520 -1.314675 0.854255
3.999205 0.583209 -1.314675 0.854255
3.999205 0.786398 -1.314675 0.854255
3.999205 1.060378 -1.314675 0.854255
3.999205 1.429813 -1.718738 0.554887
3.999205 1.927958 -1.714897 0.457947
3.999205 2.599657 -1.704218 0.367002
3.999205 3.505374 -1.684179 0.294217
3.999205 4.726642 -1.650848 0.251595
3.999205 6.373399 -1.617513 0.213703
3.999205 8.593884 -1.611303 0.188566
3.999205 11.587984 -1.632664 0.184157
3.999205 15.625224 -1.660457 0.187785
3.999205 21.069035 -1.668398 0.178176
3.999205 28.409463 -1.641533 0.155446
3.999205 38.307288 -1.634577 0.147888
3.999205 51.653503 -1.634577 0.147888
3.999205 69.649526 -1.509370 0.116071
3.999205 93.915342 -1.509370 0.116071
3.999205 126.635341 -1.509370 0.116071
5.497074 0.432520 -1.314675 0.854255
5.497074 0.583209 -1.314675 0.854255
5.497074 0.786398 -1.314675 0.854255
5.497074 1.060378 -1.568706 0.642989
5.497074 1.429813 -1.577390 0.543142
5.497074 1.927958 -1.580643 0.450300
5.497074 2.599657 -1.577517 0.369018
5.497074 3.505374 -1.565649 0.305194
5.497074 4.726642 -1.541272 0.268519
5.497074 6.373399 -1.514717 0.238182
5.497074 8.593884 -1.493093 0.240256
5.497074 11.587984 -1.515594 0.201269
5.497074 15.625224 -1.550919 0.187390
5.497074 21.069035 -1.597947 0.168742
5.497074 28.409463 -1.608580 0.149009
5.497074 38.307288 -1.584866 0.134266
5.497074 51.653503 -1.509370 0.116071
5.497074 69.649526 -1.509370 0.116071
5.497074 93.915342 -1.509370 0.116071
5.497074 126.635341 -1.509370 0.116071
7.555957 0.432520 -1.314675 0.854255
7.555957 0.583209 -1.396159 0.796900
7.555957 0.786398 -1.418888 0.701738
7.555957 1.060378 -1.439086 0.608577
7.555957 1.429813 -1.455389 0.520952
7.555957 1.927958 -1.466380 0.442325
7.555957 2.599657 -1.470642 0.376162
7.555957 3.505374 -1.466756 0.325927
7.555957 4.726642 -1.452682 0.296573
7.555957 6.373399 -1.428404 0.291098
7.555957 8.593884 -1.402367 0.292673
7.555957 11.587984 -1.413744 0.246642
7.555957 15.625224 -1.450004 0.194297
7.555957 21.069035 -1.504598 0.162622
7.555957 28.409463 -1.556925 0.143916
7.555957 38.307288 -1.559368 0.129542
7.555957 51.653503 -1.530877 0.120737
7.555957 69.649526 -1.509370 0.116071
7.555957 93.915342 -1.509370 0.116071
7.555957 126.635341 -1.509370 0.116071
10.385977 0.432520 -1.243101 0.798650
10.385977 0.583209 -1.269994 0.734853
10.385977 0.786398 -1.296771 0.662726
10.385977 1.060378 -1.325327 0.584545
10.385977 1.429813 -1.350919 0.510317
10.385977 1.927958 -1.370834 0.445980
10.385977 2.599657 -1.383662 0.394986
10.385977 3.505374 -1.389434 0.358646
10.385977 4.726642 -1.392547 0.335573
10.385977 6.373399 -1.377133 0.331414
10.385977 8.593884 -1.363311 0.310893
10.385977 11.587984 -1.367020 0.267942
10.385977 15.625224 -1.386819 0.207773
10.385977 21.069035 -1.440388 0.169296
10.385977 28.409463 -1.493324 0.145662
10.385977 38.307288 -1.513979 0.128605
10.385977 51.653503 -1.504684 0.118168
10.385977 69.649526 -1.485558 0.109904
10.385977 93.915342 -1.509370 0.116071
10.385977 126.635341 -1.426001 0.088976
14.275958 0.432520 -1.130282 0.699354
14.275958 0.583209 -1.163452 0.664139
14.275958 0.786398 -1.188865 0.629433
14.275958 1.060378 -1.214971 0.588887
14.275958 1.429813 -1.244987 0.539253
14.275958 1.927958 -1.276579 0.485310
14.275958 2.599657 -1.305491 0.436958
14.275958 3.505374 -1.331272 0.399538
14.275958 4.726642 -1.364592 0.367039
14.275958 6.373399 -1.359716 0.346187
14.275958 8.593884 -1.347371 0.305632
14.275958 11.587984 -1.354927 0.264947
14.275958 15.625224 -1.369940 0.213228
14.275958 21.069035 -1.414547 0.176900
14.275958 28.409463 -1.419678 0.153256
14.275958 38.307288 -1.446849 0.132656
14.275958 51.653503 -1.467236 0.117127
14.275958 69.649526 -1.463161 0.106811
14.275958 93.915342 -1.460101 0.097998
14.275958 126.635341 -1.426001 0.088976
19.622899 0.432520 -1.049242 0.629736
19.622899 0.583209 -1.086520 0.612617
19.622899 0.786398 -1.119230 0.591717
19.622899 1.060378 -1.150484 0.566464
19.622899 1.429813 -1.183075 0.536496
19.622899 1.927958 -1.219794 0.501448
19.622899 2.599657 -1.262701 0.460824
19.622899 3.505374 -1.313322 0.420396
19.622899 4.726642 -1.348768 0.379599
19.622899 6.373399 -1.346486 0.336420
19.622899 8.593884 -1.336550 0.292315
19.622899 11.587984 -1.345704 0.250031
19.622899 15.625224 -1.364772 0.211991
19.622899 21.069035 -1.370097 0.181396
19.622899 28.409463 -1.363792 0.159528
19.622899 38.307288 -1.384459 0.138049
19.622899 51.653503 -1.419527 0.118026
19.622899 69.649526 -1.436281 0.104177
19.622899 93.915342 -1.435117 0.095668
19.622899 126.635341 -1.426001 0.088976
26.972491 0.432520 -1.011316 0.618771
26.972491 0.583209 -1.051910 0.594016
26.972491 0.786398 -1.096782 0.573647
26.972491 1.060378 -1.137497 0.553178
26.972491 1.429813 -1.173424 0.528772
26.972491 1.927958 -1.210199 0.499221
26.972491 2.599657 -1.251678 0.461563
26.972491 3.505374 -1.305372 0.416777
26.972491 4.726642 -1.326278 0.370340
26.972491 6.373399 -1.327328 0.327107
26.972491 8.593884 -1.318942 0.280784
26.972491 11.587984 -1.328853 0.242060
26.972491 15.625224 -1.347150 0.208832
26.972491 21.069035 -1.361130 0.178870
26.972491 28.409463 -1.349169 0.158502
26.972491 38.307288 -1.351807 0.138741
26.972491 51.653503 -1.380968 0.118110
26.972491 69.649526 -1.397466 0.103524
26.972491 93.915342 -1.399629 0.094248
26.972491 126.635341 -1.404437 0.086330
37.074811 0.432520 -0.991213 0.646312
37.074811 0.583209 -1.033478 0.613290
37.074811 0.786398 -1.077834 0.582258
37.074811 1.060378 -1.121767 0.550933
37.074811 1.429813 -1.166257 0.520477
37.074811 1.927958 -1.207361 0.490340
37.074811 2.599657 -1.246521 0.453196
37.074811 3.505374 -1.285550 0.407089
37.074811 4.726642 -1.298680 0.355318
37.074811 6.373399 -1.299475 0.315848
37.074811 8.593884 -1.295839 0.274151
37.074811 11.587984 -1.306215 0.238505
37.074811 15.625224 -1.325695 0.207640
37.074811 21.069035 -1.344150 0.178923
37.074811 28.409463 -1.350598 0.155227
37.074811 38.307288 -1.346259 0.136096
37.074811 51.653503 -1.352362 0.117598
37.074811 69.649526 -1.363788 0.103004
37.074811 93.915342 -1.372257 0.092378
37.074811 126.635341 -1.381834 0.083379
50.960871 0.432520 -0.952636 0.674915
50.960871 0.583209 -1.001878 0.639454
50.960871 0.786398 -1.050757 0.603590
50.960871 1.060378 -1.098533 0.566768
50.960871 1.429813 -1.144656 0.528510
50.960871 1.927958 -1.188573 0.488336
50.960871 2.599657 -1.230226 0.446078
50.960871 3.505374 -1.260300 0.397177
50.960871 4.726642 -1.274052 0.347147
50.960871 6.373399 -1.274534 0.307041
50.960871 8.593884 -1.273613 0.272208
50.960871 11.587984 -1.284543 0.237697
50.960871 15.625224 -1.305469 0.206888
50.960871 21.069035 -1.326577 0.179036
50.960871 28.409463 -1.341041 0.154438
50.960871 38.307288 -1.342831 0.133851
50.960871 51.653503 -1.338194 0.116747
50.960871 69.649526 -1.341920 0.102557
50.960871 93.915342 -1.350436 0.091377
50.960871 126.635341 -1.360938 0.081766
70.047838 0.432520 -0.875744 0.682472
70.047838 0.583209 -0.926626 0.643090
70.047838 0.786398 -0.980320 0.604471
70.047838 1.060378 -1.034747 0.565903
70.047838 1.429813 -1.090036 0.527443
70.047838 1.927958 -1.143119 0.486965
70.047838 2.599657 -1.195106 0.444737
70.047838 3.505374 -1.239540 0.402398
70.047838 4.726642 -1.256051 0.352668
70.047838 6.373399 -1.260354 0.315614
70.047838 8.593884 -1.255584 0.277866
70.047838 11.587984 -1.268945 0.238091
70.047838 15.625224 -1.289810 0.206601
70.047838 21.069035 -1.311416 0.177871
70.047838 28.409463 -1.323931 0.155415
70.047838 38.307288 -1.321448 0.136514
70.047838 51.653503 -1.321422 0.118699
70.047838 69.649526 -1.326293 0.103380
70.047838 93.915342 -1.332221 0.091843
70.047838 126.635341 -1.340756 0.082248
96.283669 0.432520 -0.783838 0.687162
96.283669 0.583209 -0.842488 0.649274
96.283669 0.786398 -0.903718 0.612307
96.283669 1.060378 -0.963058 0.572854
96.283669 1.429813 -1.022733 0.531815
96.283669 1.927958 -1.083721 0.489894
96.283669 2.599657 -1.145737 0.447363
96.283669 3.505374 -1.206411 0.406318
96.283669 4.726642 -1.238046 0.364619
96.283669 6.373399 -1.244622 0.325977
96.283669 8.593884 -1.240110 0.287555
96.283669 11.587984 -1.253921 0.245513
96.283669 15.625224 -1.275650 0.207895
96.283669 21.069035 -1.293452 0.179283
96.283669 28.409463 -1.298975 0.159924
96.283669 38.307288 -1.300132 0.141134
96.283669 51.653503 -1.307080 0.121548
96.283669 69.649526 -1.312731 0.105184
96.283669 93.915342 -1.315568 0.093648
96.283669 126.635341 -1.320569 0.084294
132.345911 0.432520 -0.706684 0.713128
132.345911 0.583209 -0.768964 0.674055
132.345911 0.786398 -0.830458 0.631893
132.345911 1.060378 -0.892533 0.588254
132.345911 1.429813 -0.956051 0.543813
132.345911 1.927958 -1.021489 0.498265
132.345911 2.599657 -1.087747 0.452204
132.345911 3.505374 -1.156774 0.412056
132.345911 4.726642 -1.209528 0.373776
132.345911 6.373399 -1.224763 0.334721
132.345911 8.593884 -1.226022 0.295426
132.345911 11.587984 -1.240140 0.252450
132.345911 15.625224 -1.260609 0.212693
132.345911 21.069035 -1.270952 0.186074
132.345911 28.409463 -1.274626 0.166303
132.345911 38.307288 -1.280934 0.145320
132.345911 51.653503 -1.289198 0.124393
132.345911 69.649526 -1.294137 0.107517
132.345911 93.915342 -1.296543 0.095983
132.345911 126.635341 -1.299484 0.087306
181.914962 0.432520 -0.654688 0.761853
181.914962 0.583209 -0.717131 0.716565
181.914962 0.786398 -0.778821 0.667293
181.914962 1.060378 -0.840817 0.614214
181.914962 1.429813 -0.900982 0.558471
181.914962 1.927958 -0.961792 0.504423
181.914962 2.599657 -1.028140 0.456580
181.914962 3.505374 -1.098728 0.417027
181.914962 4.726642 -1.161437 0.378546
181.914962 6.373399 -1.201653 0.338530
181.914962 8.593884 -1.211178 0.299147
181.914962 11.587984 -1.229090 0.256344
181.914962 15.625224 -1.239605 0.220397
181.914962 21.069035 -1.246268 0.195005
181.914962 28.409463 -1.253681 0.171721
181.914962 38.307288 -1.261697 0.148663
181.914962 51.653503 -1.267967 0.126158
181.914962 69.649526 -1.270883 0.109025
181.914962 93.915342 -1.274081 0.097746
181.914962 126.635341 -1.276501 0.091278
250.049687 0.432520 -0.613751 0.805128
250.049687 0.583209 -0.672655 0.746579
250.049687 0.786398 -0.729413 0.685029
250.049687 1.060378 -0.786864 0.624340
250.049687 1.429813 -0.846394 0.566121
250.049687 1.927958 -0.909312 0.511918
250.049687 2.599657 -0.976958 0.463291
250.049687 3.505374 -1.048203 0.421335
250.049687 4.726642 -1.112234 0.381600
250.049687 6.373399 -1.161042 0.340769
250.049687 8.593884 -1.192150 0.300698
250.049687 11.587984 -1.207938 0.262309
250.049687 15.625224 -1.216371 0.228494
250.049687 21.069035 -1.225004 0.200844
250.049687 28.409463 -1.234148 0.176164
250.049687 38.307288 -1.241113 0.150999
250.049687 51.653503 -1.245288 0.127055
250.049687 69.649526 -1.248789 0.110371
250.049687 93.915342 -1.252042 0.100715
250.049687 126.635341 -1.254569 0.094523
343.703702 0.432520 -0.569475 0.815428
343.703702 0.583209 -0.630398 0.765010
343.703702 0.786398 -0.690796 0.707237
343.703702 1.060378 -0.749764 0.645280
343.703702 1.429813 -0.809945 0.584558
343.703702 1.927958 -0.873622 0.527713
343.703702 2.599657 -0.943194 0.475326
343.703702 3.505374 -1.016821 0.429609
343.703702 4.726642 -1.081265 0.383805
343.703702 6.373399 -1.134514 0.340937
343.703702 8.593884 -1.167275 0.301300
343.703702 11.587984 -1.186229 0.264894
343.703702 15.625224 -1.196026 0.232462
343.703702 21.069035 -1.204656 0.204406
343.703702 28.409463 -1.214279 0.179161
343.703702 38.307288 -1.221778 0.154576
343.703702 51.653503 -1.225733 0.129875
343.703702 69.649526 -1.229964 0.113272
343.703702 93.915342 -1.234052 0.103766
343.703702 126.635341 -1.236532 0.094989
472.435044 0.432520 -0.518914 0.792827
472.435044 0.583209 -0.585284 0.754427
472.435044 0.786398 -0.650855 0.713634
472.435044 1.060378 -0.717457 0.666851
472.435044 1.429813 -0.785324 0.610533
472.435044 1.927958 -0.852449 0.549481
472.435044 2.599657 -0.924830 0.491149
472.435044 3.505374 -0.999338 0.437864
472.435044 4.726642 -1.068700 0.381749
472.435044 6.373399 -1.118314 0.335989
472.435044 8.593884 -1.140319 0.300825
472.435044 11.587984 -1.162187 0.265694
472.435044 15.625224 -1.177950 0.233334
472.435044 21.069035 -1.186899 0.206099
472.435044 28.409463 -1.194564 0.181141
472.435044 38.307288 -1.202769 0.157305
472.435044 51.653503 -1.209633 0.134731
472.435044 69.649526 -1.214931 0.117368
472.435044 93.915342 -1.218866 0.104416
472.435044 126.635341 -1.221492 0.092310
649.381632 0.432520 -0.465184 0.753671
649.381632 0.583209 -0.537171 0.722987
649.381632 0.786398 -0.609632 0.690499
649.381632 1.060378 -0.683041 0.654402
649.381632 1.429813 -0.757873 0.612892
649.381632 1.927958 -0.834601 0.564164
649.381632 2.599657 -0.913714 0.506405
649.381632 3.505374 -0.996301 0.438552
649.381632 4.726642 -1.063953 0.375529
649.381632 6.373399 -1.096742 0.332254
649.381632 8.593884 -1.112116 0.299839
649.381632 11.587984 -1.134467 0.266224
649.381632 15.625224 -1.158709 0.232784
649.381632 21.069035 -1.171288 0.205140
649.381632 28.409463 -1.176291 0.182080
649.381632 38.307288 -1.183888 0.159419
649.381632 51.653503 -1.193865 0.137597
649.381632 69.649526 -1.200892 0.118963
649.381632 93.915342 -1.205081 0.102881
649.381632 126.635341 -1.207927 0.088031
